8.02209
5.6905
5.7605
6.28571
6.60659
6.92245
7.2533
7.60051
7.96489
8.34728
8.74858
9.16973
9.61169
10.0755
10.5622
14.0755
11.6089
15.0664
15.5866
13.3804
16.6786
17.2513
17.8423
18.4521
19.081
19.7295
20.3979
21.0867
21.7961
22.5266
23.2785
24.052
24.8475
25.6653
26.5054
27.3683
28.254
29.1626
30.0943
31.049
32.0269
33.0277
34.0515
34.4264
35.0044
35.6331
36.3955
37.5506
38.552
33.1555
34.829
33.9945
35.1358
36.2567
35.0861
35.317
35.8088
36.1162
39.6828
44.5276
46.5832
43.5477
48.5071
53.1406
46.8703
54.7524
60.1899
54.6479
58.4674
57.9052
63.2795
63.9707
65.7135
65.5017
61.8638
68.4847
64.3435
67.5857
69.1698
75.9342
67.8531
75.6166
73.0514
78.0443
79.7731
83.4411
81.6813
76.1182
77.468
55.5263
75.2157
76.3808
65.7427
47.2146
49.9647
55.9135
96.501
74.811
97.0476
84.4437
8.02209
5.6905
5.7605
6.28571
6.60659
6.92245
7.2533
7.60051
7.96489
8.34728
8.74858
9.16973
9.61169
10.0755
10.5622
14.0755
11.6089
15.0664
15.5866
13.3804
16.6786
17.2513
17.8423
18.4521
19.081
19.7295
20.3979
21.0867
21.7961
22.5266
23.2785
24.052
24.8475
25.6653
26.5054
27.3683
28.254
29.1626
30.0943
31.049
32.0269
33.0277
34.0515
34.4264
35.0044
35.6331
36.3955
37.5506
38.552
33.1555
34.829
33.9945
35.1358
36.2567
35.0861
35.317
35.8088
36.1162
39.6828
44.5276
46.5832
43.5477
48.5071
53.1406
46.8703
54.7524
60.1899
54.6479
58.4674
57.9052
63.2795
63.9707
65.7135
65.5017
61.8638
68.4847
64.3435
67.5857
69.1698
75.9342
67.8531
75.6166
73.0514
78.0443
79.7731
83.4411
81.6813
76.1182
77.468
55.5263
75.2157
76.3808
65.7427
47.2146
49.9647
55.9135
96.501
74.811
97.0476
84.4437
8.02209
8.03079
8.90758
9.1838
9.44797
9.71913
9.99767
10.2838
10.5929
10.8949
11.205
11.5067
11.8498
12.1849
12.5287
12.8813
13.2429
13.5948
13.9937
14.3636
14.7624
15.1914
15.5894
16.0392
16.4785
16.9061
17.366
17.8594
18.3413
18.8342
19.3383
19.8538
20.3561
20.8945
21.4702
22.0329
22.6078
23.1952
23.7687
24.3813
25.007
25.6461
26.2987
26.1933
27.0168
28.2849
30.417
31.3413
29.5548
30.1837
31.021
31.1813
33.0021
33.0523
31.418
33.3643
33.4397
34.7598
34.0641
31.5816
32.5596
28.7243
35.1623
35.5387
31.3982
38.3049
39.4038
37.8911
37.6282
39.4654
44.2988
39.1548
40.18
43.358
45.0589
45.5016
46.272
55.7521
70.7388
73.7542
73.3531
73.1827
75.8665
58.2552
76.3424
58.9012
77.0466
70.3068
71.9311
73.2594
74.5646
74.2996
72.8352
89.3372
61.9349
60.8062
67.061
71.6952
83.4729
78.3869
8.3036
8.61119
8.90767
9.1838
9.44797
9.71913
10.0123
10.2838
10.5775
10.8792
11.1889
11.5232
11.8329
12.1849
12.5287
11.0729
11.6089
13.6136
13.9745
14.3636
14.7824
15.1709
15.5894
16.0392
16.4785
16.9282
17.366
17.8594
18.3413
18.8342
19.3383
19.8538
20.3561
20.8945
21.4702
22.0329
22.6078
23.1689
23.7687
24.3813
25.007
25.6461
26.2987
26.1653
27.0028
28.2886
30.3907
31.3749
28.588
30.357
30.2211
30.1302
30.8473
31.6466
31.8318
33.6146
32.6089
33.6583
34.3539
35.2207
22.8113
33.2203
28.4484
28.7497
36.6728
25.9764
37.2723
37.4666
38.2259
37.0477
38.1642
53.2145
53.8548
43.2945
65.2502
46.7487
50.2581
72.1765
73.3856
73.0366
69.2519
71.9976
73.4295
57.8947
69.9415
70.818
68.9419
68.3717
60.297
81.5756
81.3158
81.2199
80.4035
84.3633
69.17
72.65
76.7776
76.8529
73.2977
70.2889
10.1066
5.69233
6.00596
6.3065
6.60718
6.92245
7.2533
7.60051
7.96489
8.34728
8.74858
9.16973
9.61169
10.0755
10.5622
11.0729
11.6089
12.1713
12.7613
13.3804
14.4552
15.6228
15.7919
17.2655
17.2118
17.4847
19.5868
20.0465
21.3516
23.2093
23.8088
29.5538
29.2863
33.2166
32.162
36.0237
35.871
37.0456
36.5414
36.5115
37.5783
37.3464
36.4148
37.8605
36.7167
36.8468
37.366
36.5086
35.1047
34.4456
36.3167
37.8845
39.1237
33.4127
39.2141
41.4658
42.1454
44.8203
46.7222
48.6491
49.6796
50.2393
52.6513
51.9372
49.8693
47.9601
48.9429
48.3888
47.5689
46.502
45.3787
43.5928
43.3496
43.586
44.2981
44.7937
44.6673
45.2969
46.3855
46.2154
46.282
46.5522
46.6107
47.0829
47.9571
49.1021
50.6346
52.6557
55.0911
56.1008
57.502
57.74
57.4466
58.2944
59.8597
62.6443
66.4227
71.1439
74.446
77.7747
4.16046
5.37469
6.00087
6.30617
6.60718
6.92245
7.2533
7.60051
7.96489
8.34728
8.74858
9.16973
9.61169
10.0755
10.5622
11.0729
11.6089
12.1713
12.7613
13.3804
14.6064
15.1883
15.662
16.8633
16.6948
16.959
19.1177
19.7855
21.7804
23.7113
25.0985
28.372
28.4806
32.049
32.0193
36.1134
36.5201
35.3206
38.1658
36.1615
38.8327
38.3743
36.0807
36.2295
37.5198
35.247
37.0616
36.3792
36.1264
34.7999
31.716
37.9759
33.9165
35.2016
41.8498
39.7082
43.255
45.0061
45.8851
45.5207
46.4415
48.666
49.7838
51.588
55.2082
55.9188
56.9909
54.3982
54.8436
56.1472
43.4574
43.3164
44.9067
59.757
60.5298
59.9527
61.8693
65.2081
66.5388
63.39
52.8727
55.1451
56.9843
73.2096
74.2504
74.7428
77.1541
69.3424
77.2604
76.1676
71.5457
79.5857
67.3982
62.157
61.7449
64.1321
64.8964
63.1126
62.7245
63.7933
9.63634
12.8765
13.181
13.3127
13.7187
13.7743
12.7315
14.7053
15.2375
16.8271
17.3832
19.3927
20.9611
20.8006
21.5547
23.4367
24.1496
24.8213
25.2981
25.8973
27.2796
29.0847
32.2757
29.1684
32.7461
32.1524
30.9955
34.6108
34.7004
39.3682
37.4627
36.8546
37.8215
37.9291
38.3214
37.1995
37.5725
38.232
40.0527
41.239
42.5881
45.0367
44.6698
29.659
19.654
44.2311
46.3418
49.6583
49.4694
51.1458
49.2806
51.567
47.3852
47.0525
56.0833
57.9032
44.2973
58.268
55.598
47.8783
47.2025
47.7725
45.6687
48.5581
51.5693
50.792
43.6179
38.9922
21.2129
34.0043
32.316
28.4
23.0832
31.2077
48.197
24.2258
27.5648
31.3014
22.8438
41.7635
36.3794
20.1742
51.0962
40.0853
57.6889
50.0779
46.5782
47.3393
31.0463
31.075
44.8657
43.6487
28.2019
32.9599
45.2929
42.6065
46.6747
51.8267
48.814
51.4975
7.79917
14.1586
13.5071
12.9261
12.7053
12.2365
13.1674
14.4438
14.9022
16.4695
17.0122
18.7615
19.3597
20.52
22.8291
23.8698
24.321
24.2214
26.4113
26.4041
26.7494
29.4501
32.4468
29.8617
33.2018
32.097
34.0798
34.2983
35.5979
39.6939
37.1836
37.0219
38.2795
39.0267
38.2838
37.3625
37.8182
39.3418
41.1044
41.7267
41.3588
37.9666
33.5302
46.441
46.9664
26.6642
50.2618
48.6867
48.4926
49.6658
48.4308
50.9387
50.4134
56.2132
54.3445
54.6521
53.3395
53.7932
45.2918
40.0837
41.2027
41.5916
42.1297
43.2123
49.0425
56.362
47.7223
49.9877
47.3621
47.0752
48.489
50.582
51.1128
51.6758
52.2707
48.8192
53.5535
49.9717
51.252
51.8166
55.1037
54.9981
54.9412
54.7682
54.6381
55.0554
55.1477
56.0838
60.1271
57.6266
59.4639
56.379
56.2334
44.1662
49.9022
40.5791
30.1245
56.6528
56.1675
57.783
9.63634
13.2293
13.9465
12.3397
14.2657
15.5203
16.131
16.7522
17.5473
18.036
19.0985
19.872
19.9026
20.9488
21.7908
22.7935
23.0804
23.9282
24.9343
25.9839
27.4871
26.5244
28.8703
17.3764
15.9111
17.2694
22.5697
17.5011
19.1717
16.7316
17.983
16.1646
17.2143
15.5168
19.41
19.9801
20.6074
22.2138
21.2602
22.1248
19.3373
16.4547
22.307
31.2853
21.4962
23.0159
27.4301
17.7668
26.089
25.1522
23.954
17.0277
17.6593
25.8894
25.3027
22.9655
24.3366
27.063
40.0706
31.4183
28.2061
11.5001
41.6448
37.2572
44.3778
35.6447
27.8584
29.3375
50.7481
39.6534
40.5928
38.5809
46.2869
30.469
45.0825
48.0176
39.1578
33.5641
30.8454
46.7661
43.7477
49.0638
34.165
50.0876
41.2902
39.7427
50.5197
45.7458
52.7421
56.8385
36.8442
44.0101
63.3661
54.9046
61.899
27.7659
65.592
53.3494
63.878
68.9355
9.63634
12.291
13.9784
12.5985
12.3025
12.1771
15.1265
13.2057
15.2
15.9949
16.3297
16.6353
17.3105
17.3128
18.0162
18.5909
19.0726
19.6582
20.0454
20.3573
21.5328
21.2807
22.0337
22.3748
17.5268
19.8672
19.9576
15.6767
14.4416
18.6927
18.2986
19.3023
19.4581
21.777
19.939
16.4533
19.6029
21.2175
17.5134
17.186
17.9691
21.0558
19.1662
20.9754
17.3379
21.986
23.1658
33.3938
27.6599
13.5691
24.8216
18.9404
21.8646
19.0449
21.6017
25.2395
34.2206
37.1412
37.9162
39.2304
19.7727
32.4857
37.9553
30.6839
40.5853
37.7342
34.9324
39.9704
34.9421
43.8031
37.7393
40.2863
39.8837
43.8264
36.1353
45.3135
38.9775
28.4332
48.2865
25.253
30.7075
35.7019
43.0714
45.645
13.2324
8.82104
26.1508
52.6486
20.1973
44.8106
42.6677
45.7168
41.4697
44.1937
35.7848
21.7429
46.6336
35.2355
50.9088
28.5186
