8.42317
5.69064
5.75955
6.28454
6.60646
6.92245
7.2533
7.60051
7.96489
8.34728
8.74858
9.16973
9.61169
10.0755
10.5622
14.0755
11.6089
15.0664
15.5866
13.3804
16.6786
17.2513
17.8423
18.4521
19.081
19.7295
20.3979
21.0867
21.7961
22.5266
23.2785
24.052
24.8475
25.6653
26.5054
27.3683
28.254
29.1626
30.0943
31.049
32.0269
33.0277
34.0515
20.6374
20.3325
20.1529
20.2367
19.9702
20.5203
20.7595
23.9445
21.3406
24.4746
27.0223
23.7575
23.7164
23.3776
22.659
20.6994
16.8058
17.241
16.2171
17.0444
17.3432
16.6676
17.362
18.1988
18.5538
18.6112
17.2508
17.6778
18.5283
18.149
18.0128
17.7428
18.0308
17.37
18.2091
17.5542
17.3768
17.4436
17.8387
17.8904
17.2231
17.2393
17.2138
17.8929
16.7429
17.2316
15.1867
16.3173
16.3359
16.0463
15.3271
15.3632
15.3996
17.271
16.0135
15.5115
16.9725
8.42317
5.69064
5.75955
6.28454
6.60646
6.92245
7.2533
7.60051
7.96489
8.34728
8.74858
9.16973
9.61169
10.0755
10.5622
14.0755
11.6089
15.0664
15.5866
13.3804
16.6786
17.2513
17.8423
18.4521
19.081
19.7295
20.3979
21.0867
21.7961
22.5266
23.2785
24.052
24.8475
25.6653
26.5054
27.3683
28.254
29.1626
30.0943
31.049
32.0269
33.0277
34.0515
20.6374
20.3325
20.1529
20.2367
19.9702
20.5203
20.7595
23.9445
21.3406
24.4746
27.0223
23.7575
23.7164
23.3776
22.659
20.6994
16.8058
17.241
16.2171
17.0444
17.3432
16.6676
17.362
18.1988
18.5538
18.6112
17.2508
17.6778
18.5283
18.149
18.0128
17.7428
18.0308
17.37
18.2091
17.5542
17.3768
17.4436
17.8387
17.8904
17.2231
17.2393
17.2138
17.8929
16.7429
17.2316
15.1867
16.3173
16.3359
16.0463
15.3271
15.3632
15.3996
17.271
16.0135
15.5115
16.9725
8.42317
8.02986
8.9069
9.18376
9.44797
9.71913
9.99767
10.2838
10.5929
10.8949
11.205
11.5067
11.8498
12.1849
12.5287
12.8813
13.2429
13.5948
13.9937
14.3636
14.7624
15.1914
15.5894
16.0392
16.4785
16.9061
17.366
17.8594
18.3413
18.8342
19.3383
19.8538
20.3561
20.8945
21.4702
22.0329
22.6078
23.1952
23.7687
24.3813
25.007
25.6461
26.2987
25.0616
25.4263
26.2693
28.2812
28.4061
26.0447
25.916
26.2182
26.361
27.829
25.9443
24.6327
25.4764
24.936
19.5046
20.0291
13.3922
13.5765
13.7805
13.9354
14.3795
13.5797
14.4363
14.465
14.4939
14.523
14.5523
14.5818
14.461
14.6415
14.6716
14.702
14.7326
14.7634
14.7944
14.8257
14.8572
14.889
14.9209
14.9532
14.9857
15.0185
15.0515
15.0849
15.1185
15.1524
15.1867
15.2213
15.2562
15.2915
15.3271
15.3632
15.3996
15.4365
15.4738
15.5115
15.5497
8.38971
8.61034
8.90701
9.18376
9.44797
9.71913
10.0123
10.2838
10.5775
10.8792
11.1889
11.5232
11.8329
12.1849
12.5287
11.0729
11.6089
13.6136
13.9745
14.3636
14.7824
15.1709
15.5894
16.0392
16.4785
16.9282
17.366
17.8594
18.3413
18.8342
19.3383
19.8538
20.3561
20.8945
21.4702
22.0329
22.6078
23.1689
23.7687
24.3813
25.007
25.6461
26.2987
25.0561
25.433
26.2934
28.2151
28.448
23.9791
26.1572
26.1153
25.071
25.2206
25.2707
24.3743
26.1215
23.9313
21.3531
21.0672
24.2564
14.2958
13.8646
13.5976
13.6862
14.4078
13.7419
14.465
14.4939
14.523
14.319
14.5818
14.6116
14.6415
14.6716
14.702
14.7326
14.7634
14.7944
14.8257
14.8572
14.889
14.9209
14.9532
14.9857
15.0185
15.0515
15.0849
15.1185
15.1524
15.1867
15.2213
15.2562
15.2915
15.3271
15.3632
15.3996
15.4365
15.4738
15.5115
15.5497
7.71815
5.69177
6.00549
6.30646
6.60718
6.92245
7.2533
7.60051
7.96489
8.34728
8.74858
9.16973
9.61169
10.0755
10.5622
11.0729
11.6089
12.1713
12.7613
13.3804
13.4096
13.6593
13.7412
13.8399
13.8719
14.0041
13.9786
14.0547
13.9844
13.7636
13.4416
13.4311
13.4536
12.8263
13.0809
12.5628
12.57
12.8429
12.9001
13.183
12.7973
12.871
12.9195
13.1627
13.2773
13.2
13.0944
13.1824
13.2554
14.0041
14.0296
14.0553
14.0813
14.1074
14.1337
14.1602
14.1869
14.2139
14.241
14.2683
14.2958
14.3235
14.3514
14.3795
14.4078
14.4363
14.465
14.4939
14.523
14.5523
14.5818
14.6116
14.6415
14.6716
14.702
14.7326
14.7634
14.7944
14.8257
14.8572
14.889
14.9209
14.9532
14.9857
15.0185
15.0515
15.0849
15.1185
15.1524
15.1867
15.2213
15.2562
15.2915
15.3271
15.3632
15.3996
15.4365
15.4738
15.5115
15.5497
4.16046
5.37451
6.00016
6.30608
6.60718
6.92245
7.2533
7.60051
7.96489
8.34728
8.74858
9.16973
9.61169
10.0755
10.5622
11.0729
11.6089
12.1713
12.7613
13.3804
13.3826
13.5805
13.7774
13.801
14.0245
14.007
13.9228
14.1302
14.008
13.8992
13.6402
13.431
13.3178
13.0598
13.0599
12.6385
12.6081
12.6731
12.8049
13.2228
12.9186
12.9642
12.9127
13.1025
13.2421
13.2549
13.0465
13.1966
13.3919
14.0041
14.0296
14.0553
14.0813
14.1074
14.1337
14.1602
14.1869
14.2139
14.241
14.2683
14.2958
14.3235
14.3514
14.3795
14.4078
14.4363
14.465
14.4939
14.523
14.5523
14.5818
14.6116
14.6415
14.6716
14.702
14.7326
14.7634
14.7944
14.8257
14.8572
14.889
14.9209
14.9532
14.9857
15.0185
15.0515
15.0849
15.1185
15.1524
15.1867
15.2213
15.2562
15.2915
15.3271
15.3632
15.3996
15.4365
15.4738
15.5115
15.5497
9.63634
11.7781
11.8986
12.3143
12.2409
11.7612
9.71837
11.1167
11.4129
11.886
11.9253
12.2317
12.6595
12.6371
12.4567
12.7753
12.391
12.5983
12.3443
12.2897
12.0802
11.65
10.9651
11.6024
11.0207
10.8894
11.2453
10.8283
11.0287
11.0715
11.1398
10.9626
11.2283
10.7287
10.642
10.7802
10.5034
10.3793
10.9579
11.0973
10.9931
11.298
11.0563
11.3768
10.712
10.8815
10.9378
11.2845
10.7316
10.3813
10.4057
11.2103
10.4776
10.5434
10.7242
10.9782
10.5493
10.338
10.2331
10.174
10.1257
10.5142
10.1062
10.6358
9.94825
9.85438
10.8173
10.6565
8.72553
9.78217
9.42086
8.96738
8.74284
9.18914
9.96999
8.90038
8.57637
8.71863
9.03256
8.14078
10.3716
8.755
8.7633
9.47712
8.8297
8.65369
7.93726
8.07054
9.67264
10.9514
7.53033
7.45552
6.70189
5.65684
5.05882
5.88534
5.82833
5.70225
5.47188
5.70675
7.79917
12.999
12.5199
11.6882
11.4525
10.0734
10.5356
11.242
10.9667
11.9334
11.7469
12.0896
12.3379
12.1336
12.6359
12.6735
12.7526
12.4615
12.2421
12.0834
11.8553
12.1182
11.0065
11.5132
10.8857
11.0157
11.0406
10.8301
11.025
10.9198
11.1026
10.9688
10.7417
10.7144
10.6039
10.242
10.7097
11.1508
11.0497
11.3962
10.7028
10.8944
12.1944
11.1742
10.8179
10.4016
11.7169
11.2303
11.0561
10.9763
10.816
10.8918
10.7546
10.8706
10.9017
10.6062
10.8115
10.6209
10.6073
10.6017
10.7528
10.9277
10.9653
11.0102
10.5289
10.4269
10.0974
10.3896
9.87788
9.32971
9.39025
9.61763
9.63205
9.66168
9.70697
10.0548
9.84608
10.3316
10.4485
10.5711
9.92624
9.91085
9.83528
9.81009
9.73516
8.72916
8.58149
8.45451
9.03274
9.03179
8.83148
7.80782
7.84162
5.1516
5.0525
5.57796
5.31436
5.8777
5.77818
5.5238
9.63634
12.8886
11.3817
8.16046
11.6605
12.92
12.9912
13.0272
13.1269
13.1401
13.1983
13.3254
13.1511
13.1725
13.2944
13.4394
13.1569
13.1641
13.1282
13.0787
12.8526
13.1936
13.4432
11.1533
11.3962
12.0051
10.6974
9.78496
10.6078
10.576
10.0171
11.7388
10.5502
13.552
10.033
9.66396
10.1613
9.8272
9.21362
9.21826
10.2183
11.3406
9.43692
10.2513
9.50677
9.0627
10.2449
11.6187
8.53936
8.83068
9.86654
11.9273
10.697
9.0131
12.8035
10.1095
9.7062
8.56196
9.858
8.84497
8.885
6.41644
10.0774
10.0882
9.89597
9.71437
11.8014
9.55986
9.66845
9.4043
9.2113
7.83262
8.61394
9.09977
9.02407
8.09986
8.87394
5.91683
8.72586
8.73431
7.12693
8.98757
6.80118
7.81626
6.56469
7.5321
7.54504
7.19391
7.46252
8.21208
7.74568
6.90746
9.14278
8.37565
8.55851
7.08979
8.56576
7.73871
7.49368
8.76007
9.63634
11.5998
11.1478
8.02678
7.65002
7.40106
12.3806
7.99925
11.1355
12.2569
12.2286
12.0385
11.9333
11.8083
11.7672
11.7509
11.6849
11.524
11.3942
11.253
10.7763
10.8903
10.9228
9.97054
10.3365
9.6469
9.49947
10.4794
13.9701
9.56957
9.95781
9.10827
9.58131
9.50266
9.89014
11.3634
9.38511
8.78061
10.921
11.5303
11.1277
9.44506
11.095
10.7006
11.1488
10.026
9.47706
9.75659
6.50032
10.8436
8.72959
13.8089
10.8573
14.1563
10.1019
9.01481
8.82924
8.99657
8.97747
8.36196
10.5663
6.68802
8.37741
6.16907
8.53074
7.85003
7.75121
8.06316
7.19584
8.81703
6.96405
7.49769
6.96561
8.50226
7.81997
8.66693
6.78866
7.5088
7.9347
6.12314
5.77868
7.33626
6.44147
7.13565
5.55588
4.02068
5.48523
8.10056
5.58849
7.13878
6.87911
6.94495
7.04045
5.93448
5.8605
5.8725
5.88934
5.72958
6.10369
5.72966
