10.5303
5.69057
5.76003
6.28513
6.60653
6.92245
7.2533
7.60051
7.96489
8.34728
8.74858
9.16973
9.61169
10.0755
10.5622
14.0755
11.6089
15.0664
15.5866
13.3804
16.6786
17.2513
17.8423
18.4521
19.081
19.7295
20.3979
21.0867
21.7961
22.5266
23.2785
24.052
24.8475
25.6653
26.5054
27.3683
28.254
29.1626
30.0943
31.049
32.0269
33.0277
34.0515
29.7599
30.1132
30.6051
31.298
32.2454
33.5309
33.5905
40.6143
39.2219
42.2431
46.7004
46.0752
45.6064
45.6165
46.4052
44.5476
30.3351
32.4132
31.4587
29.1392
30.7125
23.8879
28.9933
32.3806
30.6389
32.7228
26.557
27.5347
29.2509
32.6947
27.4524
28.7429
31.2058
30.4077
33.7684
30.6562
32.2934
29.8661
35.6156
34.4441
33.4468
31.8187
30.8485
33.797
25.674
29.1916
15.6374
25.9164
26.0466
24.3118
10.2508
12.3895
14.7297
37.9359
26.6832
23.2433
36.2369
10.5303
5.69057
5.76003
6.28513
6.60653
6.92245
7.2533
7.60051
7.96489
8.34728
8.74858
9.16973
9.61169
10.0755
10.5622
14.0755
11.6089
15.0664
15.5866
13.3804
16.6786
17.2513
17.8423
18.4521
19.081
19.7295
20.3979
21.0867
21.7961
22.5266
23.2785
24.052
24.8475
25.6653
26.5054
27.3683
28.254
29.1626
30.0943
31.049
32.0269
33.0277
34.0515
29.7599
30.1132
30.6051
31.298
32.2454
33.5309
33.5905
40.6143
39.2219
42.2431
46.7004
46.0752
45.6064
45.6165
46.4052
44.5476
30.3351
32.4132
31.4587
29.1392
30.7125
23.8879
28.9933
32.3806
30.6389
32.7228
26.557
27.5347
29.2509
32.6947
27.4524
28.7429
31.2058
30.4077
33.7684
30.6562
32.2934
29.8661
35.6156
34.4441
33.4468
31.8187
30.8485
33.797
25.674
29.1916
15.6374
25.9164
26.0466
24.3118
10.2508
12.3895
14.7297
37.9359
26.6832
23.2433
36.2369
10.5303
8.03031
8.92037
9.19738
9.46192
9.73342
10.0123
10.2988
10.5775
10.8792
11.1889
11.5232
11.8329
12.1677
12.511
12.8633
13.2245
13.6136
13.9745
14.3832
14.7824
15.1709
15.6102
16.018
16.4568
16.9282
17.3884
17.8366
18.318
18.8106
19.3143
19.8295
20.3808
20.9196
21.4448
22.0072
22.5818
23.1689
23.7952
24.4081
25.034
25.6733
26.3262
25.7221
26.2872
27.2978
29.3604
29.8527
28.3297
28.7742
29.6895
30.7566
32.6455
31.6048
32.396
35.0517
36.7031
32.0431
34.0889
22.5014
22.7104
24.7314
26.6602
23.4821
25.8009
25.0936
26.5532
26.1933
27.319
26.3685
20.9117
28.0647
27.5382
27.404
27.5465
27.5833
27.693
31.0182
28.14
29.3187
29.9488
28.282
28.3969
29.2369
30.4905
29.3198
29.4563
32.1756
32.3493
32.3124
32.3102
32.7908
29.3291
29.5127
29.8505
30.3397
30.8456
30.4682
30.6482
28.8435
8.3036
8.59807
8.92047
9.19738
9.46192
9.73342
9.99767
10.2988
10.5929
10.8949
11.205
11.5067
11.8498
12.1677
12.511
11.0729
11.6089
13.5948
13.9937
14.3832
14.7624
15.1914
15.6102
16.018
16.4568
16.9061
17.3884
17.8366
18.318
18.8106
19.3143
19.8295
20.3808
20.9196
21.4448
22.0072
22.5818
23.1952
23.7952
24.4081
25.034
25.6733
26.3262
25.6963
26.2861
27.2671
29.3125
29.8646
29.3269
28.6802
29.7679
29.6134
31.6631
30.9791
31.8727
36.4643
36.4387
35.9921
36.7807
41.0936
14.4522
22.6235
24.9981
26.0469
25.5228
20.5525
26.2434
26.6107
26.5467
27.5338
26.5047
27.0826
26.8539
27.5058
27.6349
27.5028
23.2417
28.94
30.3008
30.503
28.5574
28.5499
29.149
29.4016
28.7686
28.845
28.9019
29.0404
29.272
30.5764
31.1209
31.7716
30.6419
29.9295
29.5434
29.5053
29.8252
30.4998
31.5142
32.8445
12.2646
5.69205
6.00572
6.30648
6.60718
6.92245
7.2533
7.60051
7.96489
8.34728
8.74858
9.16973
9.61169
10.0755
10.5622
11.0729
11.6089
12.1713
12.7613
13.3804
15.0447
16.1391
16.649
17.8153
17.9152
17.9324
19.6172
19.0766
19.6574
20.8957
20.5954
29.5618
27.1301
32.3413
32.9177
34.6543
35.7232
36.2827
36.8831
31.8732
34.2286
38.0778
37.2791
37.6527
34.975
30.5491
30.2028
26.3375
22.2385
19.9995
20.9908
18.8062
19.246
19.0109
21.309
20.6694
22.6052
23.6788
25.5533
26.4276
25.5305
26.3756
27.7511
25.8682
25.5681
24.859
23.3018
22.7765
20.2469
20.1254
18.8955
18.1763
17.7907
17.6935
17.6047
17.5267
19.0105
18.8683
17.5717
18.4638
17.7471
17.8626
17.9987
18.9104
19.0741
18.5215
18.6703
18.8592
19.0895
19.3622
20.2215
20.0382
20.4412
20.905
21.4482
22.0696
22.7675
23.5399
24.3844
25.2988
4.16046
5.3746
6.00052
6.30613
6.60718
6.92245
7.2533
7.60051
7.96489
8.34728
8.74858
9.16973
9.61169
10.0755
10.5622
11.0729
11.6089
12.1713
12.7613
13.3804
15.0422
15.8788
16.269
17.5254
17.5899
17.1028
18.8597
18.6866
19.6643
21.7499
23.0893
27.5082
25.0859
31.6401
33.0459
35.0943
37.5162
35.3992
39.6598
30.9475
38.1071
39.1392
34.7467
36.4006
36.866
30.2856
30.7303
26.3255
26.1986
18.1315
18.3337
19.03
18.186
18.7715
24.1431
20.816
22.0955
23.5213
24.1707
22.2531
22.6697
24.0399
23.6433
24.781
27.6909
29.5426
28.1739
29.4664
28.5839
30.1155
18.102
18.8433
18.3185
28.6305
28.2593
28.293
28.7621
29.6791
32.0616
30.7609
22.0695
22.9904
23.8998
30.0611
31.5328
31.2022
30.0865
30.028
31.8742
32.1609
30.8995
29.6917
31.0206
31.5453
31.244
29.5615
29.6046
29.7528
30.0026
30.3487
9.63634
12.5497
12.8339
13.1689
13.5149
13.2664
11.075
12.6781
12.9387
13.6948
13.8276
14.8295
16.2066
16.4368
16.7607
18.4484
19.8087
19.88
19.7022
20.4356
22.0036
24.5075
26.1048
24.1365
25.1723
25.1262
22.479
28.1975
27.0811
29.833
28.5929
28.2217
28.539
26.8137
27.4359
27.0458
21.5717
21.5242
23.4718
24.9358
29.0885
32.7948
33.8796
21.171
14.8567
28.3328
33.461
29.167
32.3337
31.0731
26.9557
30.0392
31.2196
32.8177
25.5177
24.8058
31.6331
25.029
29.7191
32.5853
31.3756
29.9219
30.3151
29.4623
32.3141
30.6702
24.4195
21.7065
13.0415
17.7844
16.8532
15.7221
14.1868
16.2473
23.6753
14.6697
14.7209
17.2221
14.0259
21.7149
20.1234
14.1025
24.5864
18.4157
27.9628
24.3852
21.396
20.8806
18.4397
19.2616
21.1688
21.4577
11.0607
13.2838
13.1093
13.6044
13.559
13.963
13.6359
14.1514
7.79917
13.7835
13.2713
12.803
12.3722
11.3526
11.9407
12.6698
12.5537
13.6455
13.5997
14.5101
14.7967
15.2405
17.5595
18.7846
19.0615
19.0552
19.9915
20.1313
20.1666
24.703
26.3993
24.6802
26.6592
25.5149
25.6198
28.1163
27.7787
31.2259
29.013
27.9573
27.9502
28.4567
27.4442
20.1601
21.5893
22.61
24.9668
25.604
25.3737
21.6474
24.4412
34.2747
33.0414
17.7636
29.3844
30.7033
32.9607
30.2291
33.0932
29.0716
27.966
27.6069
27.3108
30.2943
30.6977
28.3505
29.3115
22.7724
22.4599
22.1536
21.8812
21.8635
30.2759
30.132
26.9416
29.0881
28.2208
29.3329
29.067
23.525
23.3894
23.2771
23.1903
28.292
23.1014
27.8967
27.7462
27.6267
23.2273
23.1338
23.2224
23.1341
23.1484
27.9585
28.1037
26.5661
27.3898
26.4729
23.7174
22.3189
23.036
13.8997
13.0548
13.6019
12.6728
15.3256
14.4974
15.0915
9.63634
12.96
13.1147
10.9622
13.4671
14.6322
14.859
15.1424
15.4988
15.6525
16.2006
16.4874
16.4166
16.8279
17.3795
17.4221
17.7138
18.0327
18.2284
18.5174
18.084
18.017
18.8998
12.9055
12.7981
13.6298
14.1151
11.7762
12.8915
12.2364
11.9092
12.8491
12.2485
13.722
12.1652
11.7899
12.5052
12.3861
11.525
11.9476
13.5192
12.169
11.5896
14.1694
11.4661
11.0512
12.8724
12.8356
10.7421
10.9478
12.3483
12.6923
11.6993
11.0245
13.7834
11.7007
11.7933
10.9921
16.0681
11.5726
11.0223
6.41602
16.4018
15.3634
16.7261
14.355
14.0456
12.2867
19.1475
14.1471
14.5026
12.8477
16.3147
12.0707
15.5003
15.0818
12.8667
11.313
11.841
15.8094
14.1176
16.2373
10.9122
16.7508
12.1799
12.5712
15.4141
14.4784
18.6795
17.8721
11.8405
13.0003
19.2958
16.2245
16.3184
11.4521
18.6504
15.6565
16.4784
17.2097
9.63634
12.1801
12.864
11.1581
10.6522
10.5003
14.1847
11.223
13.5695
14.4935
14.4519
14.6428
14.9058
14.6104
14.9186
15.0257
15.178
15.0231
15.0704
15.0252
14.7927
14.8383
14.9502
14.4296
12.6835
12.7641
12.538
12.1288
13.9912
12.1149
12.1644
11.9904
12.9287
12.0376
11.8237
12.7302
11.6609
11.244
12.0675
12.541
12.2922
11.2918
12.2523
12.0309
11.9293
12.0517
11.759
15.186
9.78471
12.0044
11.2389
13.8008
12.6938
14.16
11.7779
11.937
14.3122
15.6537
15.7284
15.0538
11.4364
11.1478
14.588
9.73124
16.4775
13.6949
12.5326
14.6682
12.4458
17.5155
13.0789
13.2228
13.431
16.6149
13.6117
18.1928
12.8115
11.9474
16.7209
11.5607
11.4629
13.7345
12.9188
15.9623
7.31809
6.76028
11.1212
18.0953
9.12337
15.576
13.4541
13.8741
17.3756
15.9601
14.2149
12.9628
15.0372
13.5
16.084
12.686
